1 41.3 2018 3 5 21 34
2 89.6 2018 3 5 21 34
3 24.1 2018 3 5 21 34
4 99.9 2018 3 5 21 34
5 23.9 2018 3 5 21 34
6 1.4 2018 3 5 21 34
7 18.2 2018 3 5 21 34
8 8.1 2018 3 5 21 34
9 61.1 2018 3 5 21 34
10 6.6 2018 3 5 21 34
11 3.8 2018 3 5 21 34
12 1.2 2018 3 5 21 34
13 35.6 2018 3 5 21 34
14 40.6 2018 3 5 21 34
15 16.1 2018 3 5 21 34
16 82.9 2018 3 5 21 34
1 33.4 2018 3 7 19 40
2 80.3 2018 3 7 19 40
3 23.7 2018 3 7 19 40
4 82.5 2018 3 7 19 40
5 23 2018 3 7 19 40
6 1.4 2018 3 7 19 40
7 14.9 2018 3 7 19 40
8 4.7 2018 3 7 19 40
9 58.5 2018 3 7 19 40
10 6.6 2018 3 7 19 40
11 2.9 2018 3 7 19 40
12 1.2 2018 3 7 19 40
13 37.2 2018 3 7 19 40
14 26.9 2018 3 7 19 40
15 14.1 2018 3 7 19 40
16 68.8 2018 3 7 19 40
1 33.4 2018 3 7 19 41
2 80.3 2018 3 7 19 41
3 23.7 2018 3 7 19 41
4 82.5 2018 3 7 19 41
5 23 2018 3 7 19 41
6 1.4 2018 3 7 19 41
7 14.9 2018 3 7 19 41
8 4.7 2018 3 7 19 41
9 58.5 2018 3 7 19 41
10 6.6 2018 3 7 19 41
11 2.9 2018 3 7 19 41
12 1.2 2018 3 7 19 41
13 37.2 2018 3 7 19 41
14 26.9 2018 3 7 19 41
15 14.1 2018 3 7 19 41
16 68.8 2018 3 7 19 41
1 33.4 2018 3 7 19 42
2 80.8 2018 3 7 19 42
3 23.7 2018 3 7 19 42
4 82.5 2018 3 7 19 42
5 23 2018 3 7 19 42
6 1.4 2018 3 7 19 42
7 14.9 2018 3 7 19 42
8 4.7 2018 3 7 19 42
9 58.5 2018 3 7 19 42
10 6.6 2018 3 7 19 42
11 2.9 2018 3 7 19 42
12 1.2 2018 3 7 19 42
13 37.2 2018 3 7 19 42
14 26.9 2018 3 7 19 42
15 14.1 2018 3 7 19 42
16 68.8 2018 3 7 19 42
1 33.4 2018 3 7 19 44
2 80.8 2018 3 7 19 44
3 23.7 2018 3 7 19 44
4 83 2018 3 7 19 44
5 23 2018 3 7 19 44
6 1.4 2018 3 7 19 44
7 14.9 2018 3 7 19 44
8 4.7 2018 3 7 19 44
9 58.5 2018 3 7 19 44
10 6.6 2018 3 7 19 44
11 2.9 2018 3 7 19 44
12 1.2 2018 3 7 19 44
13 37.1 2018 3 7 19 44
14 26.9 2018 3 7 19 44
15 14.1 2018 3 7 19 44
16 68.8 2018 3 7 19 44
1 33.4 2018 3 7 19 46
2 80.8 2018 3 7 19 46
3 23.7 2018 3 7 19 46
4 83 2018 3 7 19 46
5 23 2018 3 7 19 46
6 1.4 2018 3 7 19 46
7 14.9 2018 3 7 19 46
8 4.7 2018 3 7 19 46
9 58.4 2018 3 7 19 46
10 6.6 2018 3 7 19 46
11 2.9 2018 3 7 19 46
12 1.2 2018 3 7 19 46
13 37.1 2018 3 7 19 46
14 26.9 2018 3 7 19 46
15 14.1 2018 3 7 19 46
16 68.8 2018 3 7 19 46
1 33.4 2018 3 7 19 47
2 80.8 2018 3 7 19 47
3 23.7 2018 3 7 19 47
4 83 2018 3 7 19 47
5 23 2018 3 7 19 47
6 1.4 2018 3 7 19 47
7 14.9 2018 3 7 19 47
8 4.7 2018 3 7 19 47
9 58.4 2018 3 7 19 47
10 6.6 2018 3 7 19 47
11 2.9 2018 3 7 19 47
12 1.2 2018 3 7 19 47
13 37.1 2018 3 7 19 47
14 26.9 2018 3 7 19 47
15 14.1 2018 3 7 19 47
16 68.8 2018 3 7 19 47
1 33.1 2018 3 7 20 4
2 80.8 2018 3 7 20 4
3 23.7 2018 3 7 20 4
4 83.1 2018 3 7 20 4
5 23 2018 3 7 20 4
6 1.4 2018 3 7 20 4
7 14.9 2018 3 7 20 4
8 4.7 2018 3 7 20 4
9 58.6 2018 3 7 20 4
10 6.6 2018 3 7 20 4
11 2.9 2018 3 7 20 4
12 1.2 2018 3 7 20 4
13 36.8 2018 3 7 20 4
14 26.9 2018 3 7 20 4
15 14.1 2018 3 7 20 4
16 68.8 2018 3 7 20 4
1 33.1 2018 3 7 20 6
2 80.8 2018 3 7 20 6
3 23.7 2018 3 7 20 6
4 83.1 2018 3 7 20 6
5 23 2018 3 7 20 6
6 1.4 2018 3 7 20 6
7 14.9 2018 3 7 20 6
8 4.7 2018 3 7 20 6
9 58.6 2018 3 7 20 6
10 6.6 2018 3 7 20 6
11 2.9 2018 3 7 20 6
12 1.2 2018 3 7 20 6
13 36.8 2018 3 7 20 6
14 26.9 2018 3 7 20 6
15 14.1 2018 3 7 20 6
16 68.8 2018 3 7 20 6
1 33 2018 3 7 20 10
2 80.8 2018 3 7 20 10
3 23.7 2018 3 7 20 10
4 83.1 2018 3 7 20 10
5 23 2018 3 7 20 10
6 1.4 2018 3 7 20 10
7 14.9 2018 3 7 20 10
8 4.7 2018 3 7 20 10
9 58.5 2018 3 7 20 10
10 6.6 2018 3 7 20 10
11 2.9 2018 3 7 20 10
12 1.2 2018 3 7 20 10
13 36.8 2018 3 7 20 10
14 26.9 2018 3 7 20 10
15 14.6 2018 3 7 20 10
16 68.8 2018 3 7 20 10
1 33 2018 3 7 20 11
2 80.8 2018 3 7 20 11
3 23.7 2018 3 7 20 11
4 83.1 2018 3 7 20 11
5 23 2018 3 7 20 11
6 1.4 2018 3 7 20 11
7 14.9 2018 3 7 20 11
8 4.7 2018 3 7 20 11
9 58.5 2018 3 7 20 11
10 6.6 2018 3 7 20 11
11 2.9 2018 3 7 20 11
12 1.2 2018 3 7 20 11
13 36.8 2018 3 7 20 11
14 26.9 2018 3 7 20 11
15 14.6 2018 3 7 20 11
16 68.8 2018 3 7 20 11
1 32.9 2018 3 7 20 18
2 81.3 2018 3 7 20 18
3 23.7 2018 3 7 20 18
4 83.1 2018 3 7 20 18
5 23 2018 3 7 20 18
6 1.4 2018 3 7 20 18
7 14.9 2018 3 7 20 18
8 4.7 2018 3 7 20 18
9 58.4 2018 3 7 20 18
10 6.6 2018 3 7 20 18
11 2.9 2018 3 7 20 18
12 1.2 2018 3 7 20 18
13 36.7 2018 3 7 20 18
14 26.8 2018 3 7 20 18
15 14.6 2018 3 7 20 18
16 68.8 2018 3 7 20 18
1 32.8 2018 3 7 20 23
2 81.3 2018 3 7 20 23
3 23.7 2018 3 7 20 23
4 83.6 2018 3 7 20 23
5 23 2018 3 7 20 23
6 1.4 2018 3 7 20 23
7 14.9 2018 3 7 20 23
8 4.7 2018 3 7 20 23
9 58.8 2018 3 7 20 23
10 6.6 2018 3 7 20 23
11 2.9 2018 3 7 20 23
12 1.2 2018 3 7 20 23
13 36.6 2018 3 7 20 23
14 26.7 2018 3 7 20 23
15 14.6 2018 3 7 20 23
16 68.8 2018 3 7 20 23